P||||-275,272 -110,250 177,197 155,48 -299,123 -296,145 -358,132 -402,134 -385,207 -338,199 -336,209 -301,204 -293,255 -282,254 -279,249
R|6|||-457,131 -493,157 -504,170 -513,187 -517,202 -518,220 -515,237 -508,253 -499,265 -486,279 -469,289 -440,296 -423,298
R|4.5|||-286,279 -278,269 -272,259 -128,237 -5,215 43,209 93,200 149,192 168,188
R|4.5|||146,55 -187,109
R|7|||2,332 4,304 8,285 17,263
A||North Apron||-530,2 519,-169 519,-323 477,-316 474,-312 470,-309 407,-289 345,-288 338,-289 333,-292 285,-284 282,-279 276,-277 212,-257 11,-224 -55,-223 -62,-224 -68,-227 -116,-219 -120,-214 -125,-211 -189,-191 -374,-162 -439,-160 -446,-161 -452,-164 -501,-156 -503,-153 -509,-149 -530,-143
T|18|||-566,-401 -185,-463
T|18|||310,-296 302,-342 294,-402 284,-450
T|18|||396,-358 -541,-205
T|18|||506,-294 503,-315 502,-334 498,-346 493,-354 485,-359 477,-362 462,-362 396,-358
T|18|||-120,-413 -91,-231
T|18|||-505,-350 -506,-365 -503,-377 -498,-388 -492,-399 -484,-407 -470,-416
T|18|||-120,-413 -120,-431 -112,-452
T|18|||-534,-393 -523,-385 -512,-370 -505,-350 -474,-160
T|18|||-493,-275 -487,-257 -479,-244 -470,-236 -457,-228 -446,-224 -431,-224
T|18|||-431,-224 -452,-219 -462,-213 -470,-205 -474,-197 -477,-179 -485,-195 -495,-202 -505,-207 -515,-209 -541,-205
T|18|||-51,-285 -67,-281 -79,-275 -88,-262 -91,-253 -92,-241 -102,-257 -112,-266 -119,-269 -128,-271 -151,-269
T|18|||-105,-322 -90,-303 -80,-296 -66,-289 -51,-285
T|18|||309,-306 305,-315 299,-324 292,-331 282,-335 276,-336 247,-333 266,-345 275,-353 283,-364 288,-376 292,-389 294,-402 305,-380 314,-369 323,-361 332,-356 343,-353 353,-351
T|18|||353,-351 330,-345 322,-340 316,-332 311,-324 309,-316 309,-306
R|7|||-33,274 -28,284 -26,294 -24,321 -24,336
R|10|||35,226 370,171 396,160 421,136 431,119 435,103 437,93 428,57 420,39 405,23 388,12 370,8 351,7 127,43
B||Masjid At-Taqwa||-437,196 -433,205 -428,202 -426,208 -393,194 -411,154 -443,168 -442,171 -447,174 -444,181 -439,179 -432,194
B||||-312,186 -302,184 -305,167 -314,168
B||||513,-19 519,-20 519,-36 514,-35 515,-31 511,-31
R|5|||-296,127 -272,259
R|4.5|||-63,242 -53,223
R|4.5|||20,212 27,216 35,226
R|5|||146,55 168,188
R|5|||-258,257 -265,191
R|5|||-239,254 -248,188
R|5|||-219,251 -228,184
R|5|||-201,248 -210,182
R|5|||-183,246 -192,179
R|5|||-164,242 -174,176
R|5|||-147,240 -156,173
R|5|||-128,237 -137,170
R|5|||-111,233 -124,153
R|5|||-92,230 -105,161
R|5|||-75,227 -85,157
R|5|||43,209 32,142
R|5|||58,205 50,147
R|5|||77,203 66,134
R|5|||112,197 103,127
R|5|||93,200 83,129
R|5|||149,192 140,125
R|5|||132,195 123,127
R|5|||66,134 57,69
R|5|||32,142 21,75
R|5|||30,129 40,126 45,123 46,120 39,72
R|5|||83,129 75,66
R|5|||103,127 94,63
R|5|||123,127 114,60
R|5|||140,125 130,57
R|5|||-174,176 -187,109
R|5|||-192,179 -204,111
R|5|||-210,182 -222,114
R|5|||-159,155 -168,105
R|5|||-228,184 -241,117
R|5|||-137,170 -150,103
R|5|||-124,153 -130,99
R|5|||-105,161 -112,97
R|5|||-85,157 -95,94
R|5|||-265,191 -276,123
R|5|||-248,188 -258,120
W||||-82,270 -79,276 -71,340 -72,344 -80,346 -125,354 -460,354 -474,339 -475,333 -469,330
G||||-530,-153 -512,-157 -508,-162 -506,-168 -507,-174 -511,-180 -518,-181 -530,-180
G||||-191,-203 -389,-171 -442,-168 -449,-171 -454,-178 -452,-186 -447,-194 -377,-211 -199,-239 -131,-245 -124,-241 -121,-235 -121,-226 -128,-218
G||||209,-269 275,-285 279,-290 280,-297 278,-303 273,-308 266,-309 202,-304 -8,-270 -63,-255 -68,-250 -69,-243 -66,-236 -61,-231 -52,-231 9,-236
G||||349,-296 406,-300 468,-317 471,-325 469,-333 463,-339 399,-336 342,-322 335,-316 332,-310 334,-301 341,-297
G||||519,-442 306,-442 310,-411 315,-397 326,-384 339,-375 358,-371 436,-382 473,-385 491,-381 507,-374 518,-360 519,-356 519,151 129,215 110,222 68,232 50,240 38,249 21,269 13,289 13,312 25,317 32,354 308,354 317,352 362,333 457,299 519,287
G||||-101,-417 -88,-337 -79,-325 -67,-316 -53,-310 -37,-310 232,-352 247,-359 260,-371 267,-386 267,-402 261,-442 -93,-442 -99,-433
G||||-487,-355 -484,-371 -476,-381 -467,-391 -453,-396 -188,-440 -176,-438 -162,-433 -152,-424 -145,-411 -133,-339 -134,-322 -144,-304 -156,-295 -168,-288 -429,-247 -445,-250 -461,-259 -470,-272 -474,-283
G||||-530,-243 -527,-246 -519,-259 -519,-278 -530,-339
B||||-467,16 -461,15 -461,12 -468,13
G||||-530,23 -530,102 -418,83 -423,53 -404,49 -412,3
G||||461,-79 452,-137 483,-142 498,-57 485,-55 475,-60 471,-71
B||||506,-32 502,-31 503,-27 507,-28
R|5|||508,-36 565,-46
R|5|||496,-107 517,-111
R|5|||514,-5 489,-148
R|5|||507,-4 563,-15
G||||519,5 507,7 506,3 497,4 489,12 504,111 510,122 518,131 519,131
G||||465,152 448,155 439,154 435,151 429,144 429,141 433,130 443,103 446,91 445,85 489,78 496,114 494,125 489,136 482,145 473,149
P||||176,189 185,195 190,196 320,174 380,160 401,148 412,135 417,128 426,108 429,97 429,86 427,75 425,64 420,53 414,43 406,32 395,23 381,17 366,14 345,16 183,42 155,48 157,61
G||||-282,254 -281,265 -284,271 -289,273 -385,288 -444,292 -466,287 -484,275 -500,259 -509,240 -512,224 -512,204 -507,187 -499,171 -485,159 -470,149 -452,142 -427,135 -421,139 -418,145 -418,151 -421,154 -459,171 -439,216 -387,197 -385,207 -338,199 -336,209 -433,225 -425,277 -293,255
G||||-530,150 -483,142 -482,144 -497,154 -511,172 -520,194 -522,217 -519,241 -510,263 -493,280 -479,290 -466,295 -457,297 -457,301 -530,311
B||||-332,49 -334,41 -340,42 -338,50
B||||-392,72 -391,78 -383,76 -384,71
R|5|||-372,42 -377,45 -378,50 -374,84
R|5|||-324,88 -329,55 -329,50 -328,47 -325,45 -291,40
R|5|||-657,130 -326,76 -292,69 -289,66 -287,61 -293,25
R|5|||-24,321 -49,334 -55,339 -55,345 -59,354
B||||-35,349 -8,349 17,340 13,328 -10,336 -35,336
B||||19,327 20,334 28,333 27,326
G||||-50,215 17,205 6,136 -61,146
G||||-63,137 4,126 -3,84 -70,95
B||||-13,88 -12,97 -7,97 -9,87
R|5|||-303,250 -311,202
R|5|||-275,245 -323,253 -324,252 -330,206 -283,197
R|5|||-369,198 -380,137
R|5|||-351,194 -362,137
R|5|||-332,191 -342,139
R|5|||-394,136 -383,198 -382,200 -318,188 -326,143
R|5|||-291,150 -342,139 -362,137 -407,137
B||||-152,168 -153,161 -164,163 -163,170
B||Satgaspam TNI AL||-50,148 -61,149 -58,169 -47,167
B||||42,128 43,136 55,134 54,126
B||||170,91 173,108 181,107 179,90
R|5|||490,66 456,71 437,28 430,-15
R|4.5|||408,-12 355,-5
R|8|||437,93 438,74 435,54 426,35 410,17 391,4 377,-3 355,-5 328,-3 146,24
B||||504,-49 499,-48 500,-44 505,-45
B||Grha Amukti Praja||519,-148 511,-147 512,-141 518,-142 519,-134 519,-116 517,-116 519,-103 509,-102 514,-68 519,-69
B||||-445,196 -439,194 -443,186 -448,188
R|5|||498,113 494,131 489,142 475,154
R|5|||370,171 540,145
R|5|||284,-450 -708,-288
R|7|||17,263 26,250
R|7|||26,250 42,238 55,231 85,218
R|7|||-45,263 -33,274
R|7|||-110,250 -72,253 -54,258 -45,263
R|10|||-512,313 -480,308
R|10|||-541,318 -512,313
R|7|||-24,336 -25,349
R|7|||-25,349 -27,359
R|7|||-16,336 -14,349
R|7|||-14,349 -10,361
R|7|||8,344 4,339 2,332
R|7|||25,370 8,344
R|10|||-229,104 -342,120 -369,116 -457,131 -562,144
R|10|||127,43 111,46
R|5|||517,-111 531,-114
R|8|||5,48 -98,65
R|8|||64,38 5,48
R|8|||86,34 64,38
R|8|||146,24 86,34
R|8|||-261,93 -322,103 -369,116
R|8|||-194,81 -261,93
R|8|||-173,78 -194,81
R|8|||-98,65 -173,78
R|10|||-125,88 -141,90
R|10|||-214,102 -229,104
R|10|||-141,90 -214,102
R|10|||29,61 -125,88
R|10|||45,59 29,61
R|10|||111,46 45,59
R|7|||-25,303 -16,336
R|5|||475,-22 408,-12
R|5|||523,135 511,125 498,113
G||||-530,-442 -530,-429 -445,-442
T|18|||-120,-413 -129,-471
T|18|||288,-260 64,-221 -146,-189 -531,-126
R|14|Jalan Tol Waru–Juanda||352,357 416,332 463,318 540,301
R|14|Jalan Tol Waru–Juanda||536,290 502,296 442,311 364,339 320,357
R|5|||-76,91 -65,158
R|4.5|||-187,109 -296,127 -319,127 -325,126 -342,120
R|5|||543,-157 -683,43
R|4.5|||449,-29 444,-65 426,-62 424,-61 423,-58 429,-25
B||||457,-90 454,-108 411,-102 409,-115 388,-111 393,-80
R|4.5|||179,53 199,182
R|4.5|||396,160 399,146 399,134 384,40 382,33 376,24 367,20 361,20 179,53 159,51
R|4.5|||216,46 235,176
R|4.5|||254,173 233,43
R|4.5|||251,40 269,171
R|4.5|||290,167 270,36
R|4.5|||288,33 309,165
R|4.5|||326,162 306,30
R|4.5|||324,27 345,159
R|4.5|||363,156 342,23
R|4.5|||217,179 377,154 381,151 381,145 361,20
R|5|||500,-53 526,-57
R|5|||479,-1 507,-4
R|5|||2,319 24,322 65,319 522,243
R|5|||-156,173 -137,170
R|5|||-174,176 -156,173
R|5|||-159,155 -141,151
R|5|||-177,159 -159,155
R|5|||-67,142 10,131
R|5|||498,113 475,-22
R|5|||439,160 425,146 421,136
R|5|||50,147 48,144 44,142 38,141 32,142
R|5|||-322,103 -324,88
R|5|||-65,158 -53,223
B||||384,81 375,82 369,42 378,41
P||||415,-28 409,-62 413,-67 443,-71 454,-68 459,-35
P||Taksi & Bus Bandara||449,79 484,73 469,-15 425,-8 430,29 441,49 447,68
G||||410,161 431,158 422,147
R|5|||155,22 159,51
R|4.5|||168,188 217,179
R|5|||474,-33 407,-22
R|5|||472,-50 500,-53
R|6|||328,-3 304,14
R|5|||399,-72 375,-66
T|18|||301,-262 309,-254 313,-246 315,-235 314,-226 307,-214 317,-150
T|18|||-527,-79 -534,-86
T|18|||-531,-126 -526,-122 -522,-116 -519,-106 -520,-96 -523,-86 -527,-79 -515,-6
T|18|||-388,-102 -395,-108 -401,-116 -403,-125 -404,-134 -402,-140 -398,-147
T|18|||-391,-148 -385,-141 -382,-134 -381,-125 -382,-116 -384,-108 -388,-102 -378,-35
T|18|||-329,-112 -335,-116 -341,-124 -344,-133 -344,-143 -342,-151 -338,-157
T|18|||-334,-158 -325,-149 -322,-141 -321,-131 -323,-122 -329,-112 -320,-45
T|18|||-269,-122 -276,-125 -281,-133 -285,-143 -285,-154 -281,-162 -274,-168
T|18|||-274,-168 -269,-161 -265,-154 -263,-148 -262,-141 -264,-132 -269,-122 -259,-60
T|18|||-209,-131 -214,-133 -220,-140 -225,-150 -226,-161 -224,-170 -219,-177
T|18|||-213,-178 -207,-168 -204,-160 -202,-152 -204,-145 -209,-131 -201,-69
T|18|||-176,-137 -168,-152 -168,-162 -171,-170 -179,-183
T|18|||-185,-182 -190,-169 -189,-154 -186,-147 -176,-137 -167,-77
T|18|||-141,-142 -148,-148 -153,-156 -156,-164 -156,-172 -155,-179 -152,-188
T|18|||-146,-189 -140,-183 -135,-174 -134,-167 -134,-158 -136,-149 -141,-142 -132,-80
T|18|||-75,-150 -71,-156 -68,-166 -68,-174 -70,-184 -75,-193 -80,-198
T|18|||-85,-198 -90,-188 -91,-177 -88,-166 -83,-158 -75,-150 -66,-87
T|18|||-3,-162 -9,-165 -14,-172 -19,-182 -19,-194 -18,-201 -13,-209
T|18|||-8,-210 -3,-205 3,-191 3,-174 -3,-162 7,-101
T|18|||61,-175 66,-183 69,-189 69,-197 67,-207 63,-214 57,-220
T|18|||51,-219 48,-214 46,-207 46,-198 48,-191 52,-183 61,-175 71,-109
T|18|||120,-185 125,-190 128,-200 127,-213 123,-222 117,-230
T|18|||110,-229 106,-221 105,-213 106,-203 110,-193 120,-185 130,-117
T|18|||190,-196 195,-203 197,-211 198,-218 197,-225 189,-242
T|18|||180,-241 175,-225 175,-218 179,-209 190,-196 200,-131
T|18|||249,-205 240,-213 235,-223 234,-232 235,-241 239,-251
T|18|||245,-252 250,-246 255,-238 257,-230 257,-222 255,-214 249,-205 260,-139
T|18|||379,-227 384,-235 386,-242 386,-252 384,-260 380,-267 370,-272
T|18|||370,-272 365,-264 364,-255 365,-246 368,-238 379,-227 390,-163
T|18|||438,-237 433,-241 427,-249 423,-256 423,-265 425,-274 426,-279 432,-282
T|18|||432,-282 438,-279 443,-268 445,-259 443,-243 438,-237 448,-169
T|18|||478,-242 472,-246 468,-252 464,-263 464,-273 467,-281 472,-289
T|18|||472,-289 479,-283 483,-275 485,-266 484,-255 478,-242 486,-176
T|18|||516,-248 512,-252 505,-261 502,-271 502,-279 504,-285 509,-294
T|18|||513,-295 521,-283
T|18|||521,-254 516,-248 527,-180
T|18|||-91,-231 -85,-222 -78,-215 -61,-201
T|18|||288,-260 346,-269
T|18|||310,-296 322,-282 340,-270 346,-269 524,-296
P||||-326,67 -330,38 -285,30 -279,70 -324,77
R|4.5|||157,205 168,188
R|4.5|||168,188 186,201
R|4.5|||159,51 146,55
B||Kantor Proyek Perluasan Terminal 1||349,226 351,238 383,232 381,220
R|5|||20,212 10,131 1,78
R|10|||-480,308 -423,298 -286,279 35,226
R|4.5|||217,179 195,50
R|5|||-411,212 -391,205 -390,200 -415,137
R|5|||-415,137 -419,124
R|5|||-322,164 -289,159
R|4.5|||303,165 315,180
R|4.5|||475,-22 472,-50 468,-60 464,-68 459,-73 447,-78 438,-78 399,-72
R|4.5|||399,-72 408,-12
R|5|||73,356 65,319
T|18|||-541,-205 -528,-210 -519,-215 -510,-221 -503,-230 -495,-247 -493,-275
T|18|||310,-296 307,-279 300,-270 288,-260
T|18|||-474,-160 -468,-152 -461,-145 -451,-139
T|18|||-474,-160 -478,-149 -483,-142 -496,-132
T|18|||-151,-269 -137,-275 -122,-286 -110,-305 -105,-322
T|18|||-91,-231 -93,-220 -97,-211 -111,-194
T|18|||-140,-448 -131,-439 -126,-428 -120,-413
W||||519,354 519,353 511,354
T|18|||307,-214 297,-225 293,-233 292,-243 297,-261
R|4.5|||473,22 437,28
R|5|||438,32 460,29 467,61
R|5|||451,-7 456,25
R|4.5|||481,67 468,-10 432,-4
